 161.5600 -134.2900 -123.3200 -26.1600  59.3400 -27.0400 
 63.8100 -120.1200 -144.3400 -22.6600  105.2100  82.4100 
 127.6200 -28.1400 -116.8200 -49.6300  52.3300  1.4300 
 86.6100 -71.1800 -78.5400 -48.0200 -130.7600  41.4700 
 68.8100 -156.7700 -170.8900  2.1300 -14.4400  115.7000 
 154.4700 -122.9500 -13.8000  172.0200  42.3900 -91.9200 
 106.4500 -132.6000 -95.5200  123.8800 -90.2800 -62.5200 
 177.4800 -115.6600 -25.3300 -158.0200 -3.1500 -174.1100 
 120.9200 -87.0900 -12.9800 -162.7800 -54.3900  112.9200 
 149.1900 -70.3000 -129.9100  35.2200  61.7000  157.8100 
 178.9200 -54.7600 -133.0100  88.0700  85.3500 -15.2100 
 17.6900 -62.3400 -61.0600 -176.6800  15.1400  113.8000 
 36.8300 -103.3500 -58.3800  27.5800  55.5600  138.3000 
 172.7600 -103.9100 -19.2500  163.4700 -102.2300 -23.2200 
 66.2600 -24.9600 -52.9900  102.7700  26.3800  78.7500 
 71.2800 -132.3800 -80.9900  105.2700  16.0300 -46.8500 
 28.5100 -5.8500 -0.2200  18.0200  42.4200 -85.7400 
 151.0600 -27.5000 -44.3000 -112.5300 -57.3900 -169.7200 
 169.9500 -25.5400 -112.3800 -169.2900  90.7800 -77.0600 
 110.3600 -85.0300 -154.2800 -128.0100 -116.3400 -176.1500 
 21.3400 -170.2600 -40.2600 -58.0200 -69.3400  103.8100 
 111.2800 -55.5100 -166.5100 -1.2800  155.4200 -32.0600 
 152.9600 -67.8800 -148.8700  98.4100  83.2100 -114.6600 
 127.2600 -164.3700 -113.2900 -88.4300 -3.1600 -89.7700 
 62.7100 -41.0700 -61.9500  4.3900  119.2800 -25.6000 
 146.0900 -129.8300 -46.8400 -11.7100  161.9800 -81.9000 
 141.3300 -122.6200 -147.2700 -26.5000 -166.9600 -58.2500 
 117.0800 -137.3800 -120.0600 -61.6000 -159.4700 -68.0200 
 9.2600 -66.9900 -129.7800  76.8200 -49.6900 -11.6500 
 142.6500 -62.4600 -24.8900  29.4600 -154.8000 -123.8000 
 137.8500 -162.8600 -100.9800  59.0400 -0.9100 -80.4700 
 80.3300 -69.1000 -160.0800  166.9000  126.9600  170.7700 
 32.1900 -149.8800 -168.5700  50.3900  14.6000  11.4300 
 84.9300 -139.7400 -19.6200 -140.8800 -34.7900 -17.3800 
 16.6000 -84.6800 -153.0100  64.1700 -128.1500  146.9500 
 58.7100 -58.4700 -101.2800 -142.4100 -156.3400 -139.3600 
 114.0200 -89.8800 -50.7300  16.8200  136.2500  114.1900 
 81.2700 -122.3200 -118.6200 -30.7000  114.6100 -54.8100 
 71.5300 -81.3600 -66.0300  74.5200  48.8300  38.0200 
 174.3600 -137.3100 -107.6100 -62.1300  116.1900  168.3800 
 74.3900 -116.5000 -16.8600 -82.5200 -42.6000 -0.3900 
 115.9000 -136.3200 -153.8300 -171.1100 -54.4300  175.5900 
 25.9100 -5.8300 -105.4500 -155.5100  52.2300  8.6000 
 61.7600 -32.0800 -54.2900 -54.5300  132.8100  73.5800 
 69.1400 -93.1500 -141.1300  145.7700  157.4800 -155.7100 
 26.9000 -129.9900 -166.7900 -107.5600  4.9200 -158.6600 
 128.9400 -136.0900 -57.7900 -120.0600 -27.3100  35.2600 
 161.9800 -159.8000 -153.9300  121.3600  130.8700  80.5400 
 87.9500 -111.0500 -82.3500 -171.3600 -110.7400  59.5100 
 163.5100 -24.5400 -140.8400  130.0400 -156.3400  39.8000 
 104.0900 -168.3900 -88.7200  92.4200  147.5400  143.3700 
 73.1500 -77.3200 -27.6300 -119.9500 -148.8700  118.9500 
 177.3000 -113.5500 -114.9700 -145.7500  128.5000 -85.6100 
 173.3200 -93.3300 -40.4000 -20.3300  28.0800  134.3100 
 28.2600 -49.1300 -142.2700  31.7800 -48.5500 -49.6600 
 66.3900 -60.8400 -15.7500 -116.5700  149.0000 -131.3600 
 165.0100 -3.3800 -124.7800  89.9100  170.1100 -6.1800 
 70.8600 -121.6900 -41.0800 -80.5200  88.0600  69.2800 
 138.1800 -98.8300 -163.4400  103.9300 -143.0800  43.9900 
 138.3400 -62.9500 -154.2300  134.7800  73.2300  4.2600 
 142.2500 -6.1600 -21.4700  74.0200  145.2000  169.5100 
 151.1400 -4.6800 -76.7100  13.9600 -91.2700  3.1400 
 87.5500 -80.2800 -11.2800 -8.9700 -80.5200  112.7100 
 110.4400 -5.3100 -10.3500 -2.7900 -31.2700  106.5300 
 74.1900 -151.4700 -67.9100 -77.9900 -62.7700  46.2500 
 12.2700 -32.6800 -37.8800 -105.4000 -165.8000 -119.4600 
 145.3400 -30.9400 -95.6000  35.4500  107.3900 -2.6200 
 12.4200 -129.2800 -22.1300  130.0800 -37.8800 -46.9300 
 131.4900 -53.5100 -143.8400 -167.7800  9.0800 -77.1000 
 78.3500 -27.5600 -63.7700  83.8800  57.5600 -82.1900 
 174.6500 -42.3900 -54.7600  140.2300  81.1800  128.2600 
 171.5400 -31.0800 -147.3300  179.8300 -34.7900 -30.3600 
 14.1400 -177.2300 -79.1400  14.3200  159.2300  62.9900 
 158.7200 -56.3100 -43.5300  6.3800 -92.2000 -83.6800 
 71.3000 -153.3600 -116.1500 -132.6800  8.4100 -167.7300 
 72.3500 -172.0500 -83.8300  18.3500  121.3000  174.9900 
 68.5700 -155.2300 -92.2900 -69.9500 -44.7400  91.7700 
 1.6000 -138.9400 -135.5300  57.1100 -35.5900 -157.2100 
 174.6300 -172.2800 -59.4100  71.0400  144.6200 -109.9900 
 177.1700 -157.7400 -124.7400 -83.5500  23.2900 -89.0600 
 157.6300 -27.5300 -82.6100  83.7900  77.4700  96.6100 
 48.6300 -150.2100 -44.5100  30.1400  143.8100  79.4900 
 102.4700 -168.3300 -47.2800  150.6500 -143.5600 -100.7100 
 49.2300 -82.4300 -84.8700  26.7800 -151.1900 -135.1700 
 59.1200 -173.4500 -71.5200  172.8200 -109.1300 -46.0100 
 62.8600 -95.3800 -89.2100  2.9800 -23.5000 -111.2800 
 3.8800 -13.2200 -82.8000  42.5800  159.8500  69.9700 
 148.7500 -94.2000 -160.7400 -41.8300 -148.8400  30.4400 
 120.9700 -1.6000 -101.1000 -174.8500  12.9600  45.7600 
 148.0600 -50.0500 -27.6800 -9.9600  16.1400  110.4900 
 4.0300 -129.6900 -65.7700 -22.5600  89.8000  52.0000 
 105.2900 -118.3100 -55.3600 -53.7700 -16.3700  14.3200 
 118.2000 -146.4100 -51.5800 -140.5800 -18.4900 -162.7800 
 18.5300 -43.7100 -87.7600  122.8800 -22.1400  168.8900 
 16.7700 -128.1900 -1.3100 -149.6200 -163.1400  75.6300 
 134.9200 -130.5300 -13.3600 -31.9300  35.6500 -37.7100 
 138.0400 -87.8000 -69.6800 -79.8500  178.3200 -84.1300 
 76.1300 -81.4000 -81.9000 -90.0900 -27.3000 -135.4100 
 39.4800 -139.5000 -4.9200 -21.7700  37.8800  16.9400 
 144.6300 -157.6100 -3.7100  152.2700 -131.0000  76.9900