-375.6539  319.3087 -23.2898 
 236.5702  238.1643  18.5454 
 124.6411  156.3534  664.7484 
 77.6203  155.7958  880.4819 
 263.4081  43.8351  52.1875 
-379.6897  410.5923  667.6934 
 6.0751  448.4340  111.3170 
-567.8435  257.9660  748.8946 
 94.3045  214.8352  1065.8645 
-151.1753  300.3364  546.1451 
-59.1490  142.5146  571.2426 
 157.2158 -190.6870  793.8769 
 478.8534  121.7079  827.3518 
-437.6478  168.7011  890.3099 
 16.2943 -515.6969  616.3345 
 386.3014  426.3619  317.8335 
-655.1222 -591.2194  135.8397 
 594.2078 -114.9057  837.0721 
 95.1011  117.1458  468.9658 
 0.3239  255.2445  138.3730 
 856.7700  153.8900  130.9307 
-14.3491  154.5670  294.4064 
-35.0662  180.7783  455.9315 
-27.8011  420.9803 -211.4148 
-70.4388 -321.0216  924.6857 
-566.6903  427.4370  605.8048 
-234.3281  233.9837  104.0795 
-187.3193  454.2927  15.0745 
 115.7964 -181.4650  424.4903 
 246.0353 -133.4509  842.2074 
-205.9537  500.5427 -11.0159 
 68.9256 -32.5557  286.8093 
 270.1158 -101.3669  93.9180 
 285.4926  783.9429  574.2924 
 98.2723 -45.6001  344.4177 
 166.5146  192.9701  641.2715 
-48.8445  260.3263  949.0762 
 168.8934  494.8934  85.4615 
 235.8798  78.4807  836.3237 
-493.1365  138.4763 -35.9600 
 323.5067  390.0549  948.2916 
 146.4065  136.2996  27.8346 
-73.8645 -251.9007  498.1042 
-127.2557 -375.6055  903.0857 
 92.5963  127.0255  303.9807 
 123.5991 -198.0410  72.6470 
-324.2748  754.2022  326.8872 
-190.6762  133.6694  107.0966 
 120.0990  614.8237  361.1615 
 42.7922  31.2093  333.5601 
-81.0115  525.1071 -24.0094 
 58.0938  26.0701  1063.0271 
-325.7432  86.7384  180.8611 
-266.6202  253.9143  980.3513 
 95.7977 -174.6966  473.8236 
-46.3563 -225.7181  1000.5460 
 257.4449 -32.5146  428.2342 
 369.0131  646.4072  596.1982 
 16.7193  57.0605  264.4041 
 101.9038  126.2227  385.3349 
 614.3068 -410.4970  280.0664 
 532.8306 -143.9703  454.7408 
 141.9991 -183.2890  895.0884 
 478.2373 -657.7269  196.7601 
 391.6449  726.5816  149.4650 
-499.9711 -146.3393  859.5491 
 247.1503 -45.0112  793.0462 
 664.8881 -70.5639  564.0436 
 109.2324  226.1607  289.3309 
 89.1945 -492.0947  663.2728 
 281.5496  122.8554  698.1287 
-54.7458  225.6054  294.5210 
 612.5329  112.8843 -182.5865 
 302.5378  21.1176  809.2238 
 317.5336  215.0321 -103.2096 
 273.7054  591.2409 -177.3444 
 429.2240  535.0899 -47.9131 
 310.1843 -205.7143  165.0738 
-677.7706  116.0329  25.0201 
-247.5228  237.2944 -154.4501 
 404.0842  1.2105  680.9729 
 554.1370  549.1438  385.7416 
-92.7058  665.4643 -75.6958 
 182.5593  141.2363  716.4553 
 354.3574  396.4318 -264.5180 
 379.5854  248.0495  655.0185 
-469.3473 -71.7198  617.9020 
-184.7370  168.3289  208.7356 
 322.4175 -89.5662  521.7279 
 508.9334 -47.4512  895.1944 
 796.7420 -77.8461  402.1915 
 50.4579  683.3040  668.0193 
-173.9555  806.4026  195.2318 
 47.7313 -221.8904  645.8670 
 600.0460  141.1535  811.8857 
-302.8071  607.0508  820.3322 
-298.2938  313.5850  788.7616 
 309.9292  329.9103  767.6994 
 657.8475  267.3474  778.1286 
-631.8043  531.8404  339.7184